seed=20240824  n=100 d=14 s0=4 s*=3 rho=0.3 kappa=2.0 alpha=1.5 |X|=1471
1/(64 d s0) = 2.790e-04
snr   Gap(K_1)     min_l Gap    k_max  Delta_int  pi(x*|y)    a_0    slack  lambda_c
  0.5 1.7936e-02  1.7921e-02   0       2.327   0.0000   0.538   1.000  1.000
  1.0 1.8639e-02  1.7943e-02   0       3.856   0.0000   0.533   1.000  1.000
  1.5 2.2481e-02  1.7947e-02   0       5.151   0.0000   0.528   1.000  1.000
  2.0 3.3377e-02  1.7948e-02   3       6.276   0.0000   0.523   1.000  1.000
  2.5 3.2970e-02  1.7948e-02   3       7.266   0.0000   0.518   1.000  1.000
  3.0 3.3425e-02  1.7948e-02   3       8.144   0.0000   0.513   1.000  1.000
  3.5 3.4241e-02  1.7948e-02   3       8.927   0.0001   0.508   1.000  1.000
  4.0 3.4493e-02  1.7948e-02   3       9.627   0.0003   0.507   1.000  1.000
  4.5 3.3610e-02  1.7948e-02   3      10.254   0.0007   0.507   1.000  1.000
  5.0 3.1883e-02  1.7948e-02   3      10.818   0.0018   0.507   1.000  1.000
  5.5 2.9859e-02  1.7948e-02   3      11.324   0.0040   0.507   1.000  1.000
  6.0 2.7329e-02  1.7948e-02   3      11.779   0.0078   0.507   1.000  1.000
  6.5 2.4413e-02  1.7948e-02   3      12.188   0.0139   0.507   1.000  1.000
  7.0 2.3327e-02  1.7948e-02   3      12.556   0.0231   0.507   1.000  1.000
  7.5 2.3313e-02  1.7948e-02   3      12.885   0.0365   0.507   1.000  1.000
  8.0 2.3900e-02  1.7948e-02   3      13.181   0.0559   0.507   1.000  1.000
  8.5 2.4768e-02  1.7948e-02   3      13.444   0.0832   0.507   1.000  1.000
  9.0 2.4352e-02  1.7948e-02   3      13.680   0.1209   0.507   1.000  1.000
  9.5 2.3864e-02  1.7948e-02   3      13.888   0.1712   0.507   1.000  1.000
 10.0 2.3294e-02  1.7948e-02   3      14.073   0.2358   0.507   1.000  1.000
 10.5 2.2633e-02  1.7948e-02   3      14.235   0.3143   0.507   1.000  1.000
 11.0 2.1832e-02  1.7948e-02   3      14.376   0.4041   0.507   1.000  1.000
 11.5 2.1025e-02  1.7948e-02   3      14.498   0.4997   0.507   1.000  1.000
 12.0 2.0289e-02  1.7948e-02   3      14.602   0.5945   0.507   1.000  1.000
 14.0 1.8539e-02  1.7948e-02   3      14.866   0.8674   0.507   1.000  1.000
 17.2 1.7948e-02  1.7948e-02   3      14.888   0.9839   0.506   1.000  1.000
 20.5 1.7882e-02  1.7882e-02   3      14.561   0.9966   0.506   1.000  1.000
 23.8 1.7868e-02  1.7868e-02   3      14.000   0.9979   0.506   1.000  1.000
 27.0 1.7866e-02  1.7866e-02   3      13.278   0.9981   0.506   1.000  1.000
 30.2 1.7865e-02  1.7865e-02   3      12.445   0.9981   0.506   1.000  1.000
 33.5 1.7865e-02  1.7865e-02   3      11.534   0.9981   0.506   1.000  1.000
 36.8 1.7865e-02  1.7865e-02   3      10.780   0.9981   0.506   1.000  1.000
 40.0 1.7865e-02  1.7865e-02   3      10.591   0.9981   0.506   1.000  1.000
a_0 over the sweep: min 0.506 max 0.538; budget slack min 1.000; lambda_c min 1.000
Gap(K_0) = 1.794828e-02,  1/(4d) = 1.785714e-02
gap range over all lambda and all snr: [1.7865e-02, 3.4493e-02]
ratio min_l Gap / Gap(K_1), max over sweep: 1.000
min over sweep of min_l Gap: 1.7865e-02
min over sweep of Gap(K_1):  1.7865e-02
snr=1.5: psi- =[-2.48, -1.09, -2.41] psi+ =[2.19, 3.35, 2.74] Delta_int=5.15 k_1=0 k_max=0
snr=12.0: psi- =[6.4, 9.69, 6.36] psi+ =[19.14, 19.6, 20.96] Delta_int=14.60 k_1=2 k_max=3
snr=40.0: psi- =[20.03, 24.73, 22.84] psi+ =[30.63, 29.39, 33.43] Delta_int=10.59 k_1=0 k_max=3
margin-failure intervals at snr=40.0: [(0.114, 0.353), (0.119, 0.286), (0.104, 0.31)]
schedule for snr=40.0: T+1=10, steps=[0.0524, 0.043, 0.0414, 0.0414, 0.0414, 0.0424, 0.0501, 0.0768, 0.1812, 0.4298]
sqrt(max V / log 2) = 24.15
cross-check at lambda=1: sparse 1.786478e-02 dense 1.786478e-02
truncation sweep (d=n=12, y=w, kappa=2, alpha=1.5):
  s_0   |X|      Gap(K_1)
    1     13   2.0984e-02
    2     79   1.9239e-02
    3    299   1.9226e-02
    4    794   1.9226e-02
    5   1586   1.9226e-02
    6   2510   1.9226e-02
    7   3302   1.9226e-02
    8   3797   1.9226e-02
    9   4017   1.9981e-04
   10   4083   2.0100e-04
   11   4095   8.5875e-05
   12   4096   8.6921e-05
Gap(K_1) at s_0=4 / at s_0=d : 2.212e+02
