p = 14, s_0 = 6, s* = 5, |M(s_0)| = 6476, n = 100, kappa = 2.0, alpha = 1.5, beta*_S = [1.2  1.   0.85 0.7  0.45], 21 temperatures
1/(4p) = 1.7857e-02

Theorem B:  Gap(P_lambda) >= (1-alpha) min{ 1/(4p), kappa^+_lambda }
   kappa^+_lambda = min over sigma of Gap(P_lambda restricted to the
   fibre {gamma : gamma \ m^+_lambda = sigma});  R_lambda = the
   canonical-path upper bound on 1/kappa^+_lambda; rho = R/(4 p s_0 ell)
   is the shape congestion.  B(lambda) uses R_lambda, Bex uses the
   exact kappa^+_lambda.  alpha is the EXACT weighted Dobrushin
   coefficient (proved bound: alpha <= 0.5469).

==========================================================================
=== equicorrelated rho = 0.0 ===
  nu = 0.6122   a_0 = 0.508  (kappa_lambda = kappa - lambda(a_0-alpha) >= 2.992)
  psi_j^- / psi_j^+ over ALL contexts in M(s_0):
     j=0 (S)       15.719     41.943     [contexts in gamma* only:    15.719    41.286]
     j=1 (S)        8.565     32.316     [contexts in gamma* only:     8.565    31.753]
     j=2 (S)        8.932     26.423     [contexts in gamma* only:     8.932    25.926]
     j=3 (S)       10.238     29.132     [contexts in gamma* only:    10.238    28.603]
     j=4 (S)       -3.957      5.210     [contexts in gamma* only:    -3.957     5.028]
     max over j in S^c of psi_j^+ = -2.619   (kappa log p = 5.278)
  lambda_cold = (kappa log p - log 8s*)/max_j psi_j^+ = 0.0379    (m^+_lambda = empty below it)
  Theorem B constants: delta-bar = 0.1934, c_0 = 0.3536, 1-alpha = 0.4531

   lam  Gap(exact)  4p.Gap       m^-       m^+         W  4p.kap+  cap?      R_lam     rho  ell     B(lam)   B/Gap  Bex/Gap  alpha    eq:gapM    M/Gap      cert4
 0.001  1.7948e-02   1.005        ()        ()        ()      inf     -  0.000e+00   0.000    0  8.090e-03  0.4508   0.4508    nan  6.244e-06 3.48e-04        nan
 0.051  1.7947e-02   1.005        ()    (0, 1)    (0, 1)    0.994     -  3.394e+02   0.337    3  1.335e-03  0.0744   0.4481    nan  6.244e-06 3.48e-04        nan
 0.101  1.7926e-02   1.004        () (0, 1, 2, 3) (0, 1, 2, 3)    0.995   yes  8.415e+02   0.358    7  5.384e-04  0.0300   0.4490    nan  1.268e-06 7.07e-05        nan
 0.151  1.7765e-02   0.995        () (0, 1, 2, 3) (0, 1, 2, 3)    0.956     -  9.990e+02   0.425    7  4.535e-04  0.0255   0.4355    nan  1.812e-07 1.02e-05        nan
 0.201  1.7015e-02   0.953        () (0, 1, 2, 3) (0, 1, 2, 3)    0.739     -  2.304e+03   1.143    6  1.967e-04  0.0116   0.3512    nan  1.812e-07 1.06e-05        nan
 0.251  1.2793e-02   0.716        () (0, 1, 2, 3) (0, 1, 2, 3)    0.260     -  2.837e+03   1.407    6  1.597e-04  0.0125   0.1645    nan  1.812e-07 1.42e-05        nan
 0.301  6.2477e-03   0.350        () (0, 1, 2, 3) (0, 1, 2, 3)    0.208     -  2.689e+03   1.601    5  1.685e-04  0.0270   0.2692    nan  1.812e-07 2.90e-05        nan
 0.351  5.9559e-03   0.334        () (0, 1, 2, 3, 4) (0, 1, 2, 3, 4)    0.332     -  2.393e+03   1.187    6  1.893e-04  0.0318   0.4510    nan  1.812e-07 3.04e-05        nan
 0.401  9.1215e-03   0.511        () (0, 1, 2, 3, 4) (0, 1, 2, 3, 4)    0.508     -  2.688e+03   1.143    7  1.685e-04  0.0185   0.4508    nan  1.812e-07 1.99e-05        nan
 0.451  1.2530e-02   0.702        () (0, 1, 2, 3, 4) (0, 1, 2, 3, 4)    0.624   yes  2.688e+03   1.143    7  1.685e-04  0.0135   0.4031    nan  1.812e-07 1.45e-05        nan
 0.500  1.4990e-02   0.839        () (0, 1, 2, 3, 4) (0, 1, 2, 3, 4)    0.514   yes  2.688e+03   1.143    7  1.685e-04  0.0112   0.2776    nan  5.073e-07 3.38e-05        nan
 0.550  1.6417e-02   0.919        () (0, 1, 2, 3, 4) (0, 1, 2, 3, 4)    0.440   yes  2.688e+03   1.143    7  1.685e-04  0.0103   0.2167    nan  5.073e-07 3.09e-05        nan
 0.600  1.7170e-02   0.962      (0,) (0, 1, 2, 3, 4) (1, 2, 3, 4)    0.383   yes  2.688e+03   1.143    7  1.685e-04  0.0098   0.1806    nan  1.812e-07 1.06e-05        nan
 0.650  1.7550e-02   0.983      (0,) (0, 1, 2, 3, 4) (1, 2, 3, 4)    0.349   yes  2.688e+03   1.143    7  1.685e-04  0.0096   0.1608    nan  1.812e-07 1.03e-05        nan
 0.700  1.7737e-02   0.993      (0,) (0, 1, 2, 3, 4) (1, 2, 3, 4)    0.328   yes  2.688e+03   1.143    7  1.685e-04  0.0095   0.1494    nan  1.812e-07 1.02e-05        nan
 0.750  1.7828e-02   0.998      (0,) (0, 1, 2, 3, 4) (1, 2, 3, 4)    0.314   yes  2.688e+03   1.143    7  1.685e-04  0.0095   0.1427    nan  5.073e-07 2.85e-05        nan
 0.800  1.7873e-02   1.001      (0,) (0, 1, 2, 3, 4) (1, 2, 3, 4)    0.306   yes  2.688e+03   1.143    7  1.685e-04  0.0094   0.1386    nan  5.073e-07 2.84e-05        nan
 0.850  1.7895e-02   1.002      (0,) (0, 1, 2, 3, 4) (1, 2, 3, 4)    0.301   yes  2.688e+03   1.143    7  1.685e-04  0.0094   0.1362    nan  1.268e-06 7.09e-05        nan
 0.900  1.7907e-02   1.003    (0, 3) (0, 1, 2, 3, 4) (1, 2, 4)    0.298   yes  2.688e+03   1.143    7  1.685e-04  0.0094   0.1346    nan  2.899e-06 1.62e-04        nan
 0.950  1.7915e-02   1.003    (0, 3) (0, 1, 2, 3, 4) (1, 2, 4)    0.296   yes  2.688e+03   1.143    7  1.685e-04  0.0094   0.1336    nan  2.899e-06 1.62e-04        nan
 1.000  1.7920e-02   1.004    (0, 3) (0, 1, 2, 3, 4) (1, 2, 4)    0.295   yes  2.688e+03   1.143    7  1.685e-04  0.0094   0.1330    nan  2.899e-06 1.62e-04        nan

  SUMMARY rho=0.0: min Gap = 5.9559e-03  (4p.Gap in [0.334,1.005])
    max k_lambda = 5, max |m^+| = 5, capped argmin at 13/21 temperatures
    Theorem B, path form  : min 1.5969e-04   B/Gap in [0.0094,0.4508]
    Theorem B, exact kappa: min 1.6818e-03   Bex/Gap in [0.1330,0.4510]
    eq:gapM / th:gapM     : min 1.8118e-07   ratio in [1.020e-05,3.479e-04]
    v2 bound (1+kTheta)^k : min 1.9798e-44
    p^-s* = 1.859e-06 ; 1/(32 p s_0 (2s*+1)) = 3.382e-05
    DEGRADATION: over the 20 temperatures with m^+ non-empty, shape congestion varrho_lambda in [0.337,1.601], 4p kappa^+_lambda in [0.2079,0.9949], max route length 7

==========================================================================
=== equicorrelated rho = 0.5 ===
  nu = 0.3423   a_0 = 0.517  (kappa_lambda = kappa - lambda(a_0-alpha) >= 2.983)
  psi_j^- / psi_j^+ over ALL contexts in M(s_0):
     j=0 (S)       18.767     46.713     [contexts in gamma* only:    18.767    46.141]
     j=1 (S)       12.144     42.983     [contexts in gamma* only:    12.144    42.476]
     j=2 (S)       10.205     46.786     [contexts in gamma* only:    10.205    46.213]
     j=3 (S)       17.219     54.718     [contexts in gamma* only:    17.219    53.992]
     j=4 (S)        1.254     14.025     [contexts in gamma* only:     1.254    13.884]
     max over j in S^c of psi_j^+ = -2.595   (kappa log p = 5.278)
  lambda_cold = (kappa log p - log 8s*)/max_j psi_j^+ = 0.0290    (m^+_lambda = empty below it)
  Theorem B constants: delta-bar = 0.1934, c_0 = 0.3536, 1-alpha = 0.4531

   lam  Gap(exact)  4p.Gap       m^-       m^+         W  4p.kap+  cap?      R_lam     rho  ell     B(lam)   B/Gap  Bex/Gap  alpha    eq:gapM    M/Gap      cert4
 0.001  1.7952e-02   1.005        ()        ()        ()      inf     -  0.000e+00   0.000    0  8.090e-03  0.4507   0.4507    nan  6.244e-06 3.48e-04        nan
 0.051  2.0261e-02   1.135        () (0, 1, 2, 3) (0, 1, 2, 3)    1.098     -  8.003e+02   0.340    7  5.661e-04  0.0279   0.3993    nan  6.244e-06 3.08e-04        nan
 0.101  3.1322e-02   1.754        () (0, 1, 2, 3) (0, 1, 2, 3)    1.502   yes  1.503e+03   0.894    5  3.015e-04  0.0096   0.2583    nan  1.812e-07 5.78e-06        nan
 0.151  3.1326e-02   1.754        () (0, 1, 2, 3, 4) (0, 1, 2, 3, 4)    0.597   yes  2.310e+03   1.146    6  1.961e-04  0.0063   0.1542    nan  1.812e-07 5.78e-06        nan
 0.201  2.9706e-02   1.664        () (0, 1, 2, 3, 4) (0, 1, 2, 3, 4)    0.444   yes  2.393e+03   1.017    7  1.893e-04  0.0064   0.1209    nan  1.812e-07 6.10e-06        nan
 0.251  2.6451e-02   1.481        () (0, 1, 2, 3, 4) (0, 1, 2, 3, 4)    0.387   yes  2.370e+03   1.175    6  1.912e-04  0.0072   0.1183    nan  5.765e-08 2.18e-06        nan
 0.301  2.6950e-02   1.509        () (0, 1, 2, 3, 4) (0, 1, 2, 3, 4)    0.353   yes  1.929e+03   1.148    5  2.349e-04  0.0087   0.1061    nan  5.765e-08 2.14e-06        nan
 0.351  2.6477e-02   1.483        () (0, 1, 2, 3, 4) (0, 1, 2, 3, 4)    0.332   yes  1.968e+03   1.172    5  2.302e-04  0.0087   0.1015    nan  5.765e-08 2.18e-06        nan
 0.401  2.4636e-02   1.380        () (0, 1, 2, 3, 4) (0, 1, 2, 3, 4)    0.318   yes  2.024e+03   1.205    5  2.238e-04  0.0091   0.1045    nan  5.765e-08 2.34e-06        nan
 0.451  2.3117e-02   1.295        () (0, 1, 2, 3, 4) (0, 1, 2, 3, 4)    0.309   yes  2.688e+03   1.143    7  1.686e-04  0.0073   0.1082    nan  5.073e-07 2.19e-05        nan
 0.500  2.1892e-02   1.226      (0,) (0, 1, 2, 3, 4) (1, 2, 3, 4)    0.303   yes  2.688e+03   1.143    7  1.686e-04  0.0077   0.1121    nan  5.073e-07 2.32e-05        nan
 0.550  2.0539e-02   1.150    (0, 3) (0, 1, 2, 3, 4) (1, 2, 4)    0.299   yes  2.688e+03   1.143    7  1.686e-04  0.0082   0.1179    nan  5.073e-07 2.47e-05        nan
 0.600  1.9306e-02   1.081    (0, 3) (0, 1, 2, 3, 4) (1, 2, 4)    0.297   yes  2.688e+03   1.143    7  1.685e-04  0.0087   0.1244    nan  5.073e-07 2.63e-05        nan
 0.650  1.8612e-02   1.042    (0, 3) (0, 1, 2, 3, 4) (1, 2, 4)    0.295   yes  2.688e+03   1.143    7  1.685e-04  0.0091   0.1283    nan  1.268e-06 6.81e-05        nan
 0.700  1.8397e-02   1.030    (0, 3) (0, 1, 2, 3, 4) (1, 2, 4)    0.294   yes  2.688e+03   1.143    7  1.685e-04  0.0092   0.1293    nan  1.268e-06 6.89e-05        nan
 0.750  1.8522e-02   1.037 (0, 1, 3) (0, 1, 2, 3, 4)    (2, 4)    0.293   yes  2.688e+03   1.143    7  1.685e-04  0.0091   0.1281    nan  2.899e-06 1.57e-04        nan
 0.800  1.8885e-02   1.058 (0, 1, 3) (0, 1, 2, 3, 4)    (2, 4)    0.293   yes  2.688e+03   1.143    7  1.685e-04  0.0089   0.1254    nan  2.899e-06 1.54e-04        nan
 0.850  1.9418e-02   1.087 (0, 1, 3) (0, 1, 2, 3, 4)    (2, 4)    0.292   yes  2.688e+03   1.143    7  1.685e-04  0.0087   0.1218    nan  2.899e-06 1.49e-04        nan
 0.900  2.0060e-02   1.123 (0, 1, 2, 3) (0, 1, 2, 3, 4)      (4,)    0.292   yes  2.688e+03   1.143    7  1.685e-04  0.0084   0.1178    nan  2.899e-06 1.45e-04        nan
 0.950  2.0749e-02   1.162 (0, 1, 2, 3) (0, 1, 2, 3, 4)      (4,)    0.292   yes  2.688e+03   1.143    7  1.685e-04  0.0081   0.1138    nan  2.899e-06 1.40e-04        nan
 1.000  2.1397e-02   1.198 (0, 1, 2, 3) (0, 1, 2, 3, 4)      (4,)    0.292   yes  2.688e+03   1.143    7  1.685e-04  0.0079   0.1104    nan  2.899e-06 1.35e-04        nan

  SUMMARY rho=0.5: min Gap = 1.7952e-02  (4p.Gap in [1.005,1.754])
    max k_lambda = 5, max |m^+| = 5, capped argmin at 19/21 temperatures
    Theorem B, path form  : min 1.6855e-04   B/Gap in [0.0063,0.4507]
    Theorem B, exact kappa: min 2.3613e-03   Bex/Gap in [0.1015,0.4507]
    eq:gapM / th:gapM     : min 5.7648e-08   ratio in [2.139e-06,3.478e-04]
    v2 bound (1+kTheta)^k : min 2.6732e-51
    p^-s* = 1.859e-06 ; 1/(32 p s_0 (2s*+1)) = 3.382e-05
    DEGRADATION: over the 20 temperatures with m^+ non-empty, shape congestion varrho_lambda in [0.340,1.205], 4p kappa^+_lambda in [0.2919,1.5015], max route length 7

==========================================================================
=== equicorrelated rho = 0.85 ===
  nu = 0.1010   a_0 = 0.660  (kappa_lambda = kappa - lambda(a_0-alpha) >= 2.840)
  psi_j^- / psi_j^+ over ALL contexts in M(s_0):
     j=0 (S)        3.405     89.254     [contexts in gamma* only:     3.405    87.924]
     j=1 (S)        0.662     90.752     [contexts in gamma* only:     0.662    89.374]
     j=2 (S)        0.086     92.890     [contexts in gamma* only:     0.086    91.442]
     j=3 (S)        8.165    105.477     [contexts in gamma* only:     8.165   103.554]
     j=4 (S)       -1.287     71.130     [contexts in gamma* only:    -1.287    70.274]
     max over j in S^c of psi_j^+ = -2.216   (kappa log p = 5.278)
  lambda_cold = (kappa log p - log 8s*)/max_j psi_j^+ = 0.0151    (m^+_lambda = empty below it)
  Theorem B constants: delta-bar = 0.1934, c_0 = 0.3536, 1-alpha = 0.4531

   lam  Gap(exact)  4p.Gap       m^-       m^+         W  4p.kap+  cap?      R_lam     rho  ell     B(lam)   B/Gap  Bex/Gap  alpha    eq:gapM    M/Gap      cert4
 0.001  1.7961e-02   1.006        ()        ()        ()      inf     -  0.000e+00   0.000    0  8.090e-03  0.4504   0.4504    nan  6.244e-06 3.48e-04        nan
 0.051  3.0679e-02   1.718        () (0, 1, 2, 3, 4) (0, 1, 2, 3, 4)    1.701   yes  1.827e+03   0.906    6  2.480e-04  0.0081   0.2637    nan  5.765e-08 1.88e-06        nan
 0.101  2.7852e-02   1.560        () (0, 1, 2, 3, 4) (0, 1, 2, 3, 4)    0.513   yes  1.887e+03   0.936    6  2.401e-04  0.0086   0.1491    nan  5.765e-08 2.07e-06        nan
 0.151  2.5202e-02   1.411        () (0, 1, 2, 3, 4) (0, 1, 2, 3, 4)    0.394   yes  2.065e+03   1.024    6  2.194e-04  0.0087   0.1265    nan  5.765e-08 2.29e-06        nan
 0.201  2.4043e-02   1.346        () (0, 1, 2, 3, 4) (0, 1, 2, 3, 4)    0.342   yes  2.296e+03   0.976    7  1.973e-04  0.0082   0.1150    nan  5.765e-08 2.40e-06        nan
 0.251  2.6041e-02   1.458        () (0, 1, 2, 3, 4) (0, 1, 2, 3, 4)    0.316   yes  2.329e+03   0.990    7  1.946e-04  0.0075   0.0983    nan  5.765e-08 2.21e-06        nan
 0.301  2.5815e-02   1.446        () (0, 1, 2, 3, 4) (0, 1, 2, 3, 4)    0.304   yes  2.160e+03   1.071    6  2.098e-04  0.0081   0.0953    nan  5.765e-08 2.23e-06        nan
 0.351  2.4080e-02   1.349        () (0, 1, 2, 3, 4) (0, 1, 2, 3, 4)    0.298   yes  2.169e+03   1.076    6  2.089e-04  0.0087   0.1001    nan  5.765e-08 2.39e-06        nan
 0.401  2.0185e-02   1.130        () (0, 1, 2, 3, 4) (0, 1, 2, 3, 4)    0.295   yes  2.169e+03   1.076    6  2.089e-04  0.0104   0.1182    nan  5.765e-08 2.86e-06        nan
 0.451  1.7772e-02   0.995        () (0, 1, 2, 3, 4) (0, 1, 2, 3, 4)    0.293   yes  2.169e+03   1.076    6  2.089e-04  0.0118   0.1335    nan  5.765e-08 3.24e-06        nan
 0.500  1.6810e-02   0.941        () (0, 1, 2, 3, 4) (0, 1, 2, 3, 4)    0.292   yes  2.169e+03   1.076    6  2.089e-04  0.0124   0.1408    nan  5.765e-08 3.43e-06        nan
 0.550  1.6694e-02   0.935        () (0, 1, 2, 3, 4) (0, 1, 2, 3, 4)    0.292   yes  2.304e+03   1.143    6  1.966e-04  0.0118   0.1415    nan  5.765e-08 3.45e-06        nan
 0.600  1.7134e-02   0.960        () (0, 1, 2, 3, 4) (0, 1, 2, 3, 4)    0.292   yes  2.304e+03   1.143    6  1.966e-04  0.0115   0.1378    nan  5.765e-08 3.36e-06        nan
 0.650  1.7991e-02   1.008        () (0, 1, 2, 3, 4) (0, 1, 2, 3, 4)    0.292   yes  2.304e+03   1.143    6  1.966e-04  0.0109   0.1312    nan  5.765e-08 3.20e-06        nan
 0.700  1.8950e-02   1.061        () (0, 1, 2, 3, 4) (0, 1, 2, 3, 4)    0.292   yes  1.920e+03   1.143    5  2.360e-04  0.0125   0.1245    nan  5.765e-08 3.04e-06        nan
 0.750  2.0010e-02   1.121        () (0, 1, 2, 3, 4) (0, 1, 2, 3, 4)    0.292   yes  1.920e+03   1.143    5  2.360e-04  0.0118   0.1179    nan  5.765e-08 2.88e-06        nan
 0.800  2.1164e-02   1.185        () (0, 1, 2, 3, 4) (0, 1, 2, 3, 4)    0.292   yes  1.920e+03   1.143    5  2.360e-04  0.0111   0.1115    nan  5.765e-08 2.72e-06        nan
 0.850  2.2365e-02   1.252        () (0, 1, 2, 3, 4) (0, 1, 2, 3, 4)    0.292   yes  1.920e+03   1.143    5  2.360e-04  0.0106   0.1055    nan  5.765e-08 2.58e-06        nan
 0.900  2.3512e-02   1.317        () (0, 1, 2, 3, 4) (0, 1, 2, 3, 4)    0.292   yes  1.920e+03   1.143    5  2.360e-04  0.0100   0.1004    nan  5.765e-08 2.45e-06        nan
 0.950  2.4490e-02   1.371        () (0, 1, 2, 3, 4) (0, 1, 2, 3, 4)    0.292   yes  1.920e+03   1.143    5  2.360e-04  0.0096   0.0964    nan  1.812e-07 7.40e-06        nan
 1.000  2.5268e-02   1.415        () (0, 1, 2, 3, 4) (0, 1, 2, 3, 4)    0.292   yes  1.920e+03   1.143    5  2.360e-04  0.0093   0.0934    nan  1.812e-07 7.17e-06        nan

  SUMMARY rho=0.85: min Gap = 1.6694e-02  (4p.Gap in [0.935,1.718])
    max k_lambda = 5, max |m^+| = 5, capped argmin at 20/21 temperatures
    Theorem B, path form  : min 1.9456e-04   B/Gap in [0.0075,0.4504]
    Theorem B, exact kappa: min 2.3597e-03   Bex/Gap in [0.0934,0.4504]
    eq:gapM / th:gapM     : min 5.7648e-08   ratio in [1.879e-06,3.476e-04]
    v2 bound (1+kTheta)^k : min 8.0535e-238
    p^-s* = 1.859e-06 ; 1/(32 p s_0 (2s*+1)) = 3.382e-05
    DEGRADATION: over the 20 temperatures with m^+ non-empty, shape congestion varrho_lambda in [0.906,1.143], 4p kappa^+_lambda in [0.2917,1.7011], max route length 7

==========================================================================
=== equicorrelated rho = 0.95 ===
  nu = 0.0349   a_0 = 0.767  (kappa_lambda = kappa - lambda(a_0-alpha) >= 2.733)
  psi_j^- / psi_j^+ over ALL contexts in M(s_0):
     j=0 (S)       -2.645    116.032     [contexts in gamma* only:    -2.645   113.751]
     j=1 (S)       -3.004    119.962     [contexts in gamma* only:    -3.004   117.480]
     j=2 (S)       -2.779    120.982     [contexts in gamma* only:    -2.779   118.446]
     j=3 (S)        4.062    135.001     [contexts in gamma* only:     4.062   131.601]
     j=4 (S)       -3.005    110.708     [contexts in gamma* only:    -3.005   108.675]
     max over j in S^c of psi_j^+ = -1.934   (kappa log p = 5.278)
  lambda_cold = (kappa log p - log 8s*)/max_j psi_j^+ = 0.0118    (m^+_lambda = empty below it)
  Theorem B constants: delta-bar = 0.1934, c_0 = 0.3536, 1-alpha = 0.4531

   lam  Gap(exact)  4p.Gap       m^-       m^+         W  4p.kap+  cap?      R_lam     rho  ell     B(lam)   B/Gap  Bex/Gap  alpha    eq:gapM    M/Gap      cert4
 0.001  1.7968e-02   1.006        ()        ()        ()      inf     -  0.000e+00   0.000    0  8.090e-03  0.4503   0.4503    nan  6.244e-06 3.47e-04        nan
 0.051  2.5567e-02   1.432        () (0, 1, 2, 3, 4) (0, 1, 2, 3, 4)    1.013   yes  1.725e+03   0.856    6  2.627e-04  0.0103   0.3164    nan  5.765e-08 2.25e-06        nan
 0.101  2.4665e-02   1.381        () (0, 1, 2, 3, 4) (0, 1, 2, 3, 4)    0.495   yes  1.823e+03   0.904    6  2.486e-04  0.0101   0.1624    nan  5.765e-08 2.34e-06        nan
 0.151  2.3896e-02   1.338        () (0, 1, 2, 3, 4) (0, 1, 2, 3, 4)    0.381   yes  1.882e+03   0.934    6  2.407e-04  0.0101   0.1291    nan  5.765e-08 2.41e-06        nan
 0.201  2.1218e-02   1.188        () (0, 1, 2, 3, 4) (0, 1, 2, 3, 4)    0.332   yes  1.935e+03   0.960    6  2.341e-04  0.0110   0.1266    nan  5.765e-08 2.72e-06        nan
 0.251  1.9618e-02   1.099        () (0, 1, 2, 3, 4) (0, 1, 2, 3, 4)    0.310   yes  2.239e+03   0.952    7  2.023e-04  0.0103   0.1279    nan  5.765e-08 2.94e-06        nan
 0.301  1.8864e-02   1.056        () (0, 1, 2, 3, 4) (0, 1, 2, 3, 4)    0.300   yes  2.251e+03   0.957    7  2.013e-04  0.0107   0.1288    nan  5.765e-08 3.06e-06        nan
 0.351  1.8634e-02   1.043        () (0, 1, 2, 3, 4) (0, 1, 2, 3, 4)    0.296   yes  2.261e+03   0.961    7  2.004e-04  0.0108   0.1284    nan  5.765e-08 3.09e-06        nan
 0.401  1.8719e-02   1.048        () (0, 1, 2, 3, 4) (0, 1, 2, 3, 4)    0.294   yes  2.262e+03   0.962    7  2.003e-04  0.0107   0.1269    nan  5.765e-08 3.08e-06        nan
 0.451  1.8985e-02   1.063        () (0, 1, 2, 3, 4) (0, 1, 2, 3, 4)    0.293   yes  2.262e+03   0.962    7  2.003e-04  0.0105   0.1247    nan  5.765e-08 3.04e-06        nan
 0.500  1.9350e-02   1.084        () (0, 1, 2, 3, 4) (0, 1, 2, 3, 4)    0.292   yes  2.263e+03   0.962    7  2.002e-04  0.0103   0.1221    nan  5.765e-08 2.98e-06        nan
 0.550  1.9794e-02   1.108        () (0, 1, 2, 3, 4) (0, 1, 2, 3, 4)    0.292   yes  2.520e+03   1.071    7  1.798e-04  0.0091   0.1193    nan  5.765e-08 2.91e-06        nan
 0.600  2.0313e-02   1.138        () (0, 1, 2, 3, 4) (0, 1, 2, 3, 4)    0.292   yes  2.520e+03   1.071    7  1.798e-04  0.0089   0.1162    nan  5.765e-08 2.84e-06        nan
 0.650  2.0920e-02   1.172        () (0, 1, 2, 3, 4) (0, 1, 2, 3, 4)    0.292   yes  2.523e+03   1.073    7  1.796e-04  0.0086   0.1128    nan  5.765e-08 2.76e-06        nan
 0.700  2.1637e-02   1.212        () (0, 1, 2, 3, 4) (0, 1, 2, 3, 4)    0.292   yes  2.523e+03   1.073    7  1.796e-04  0.0083   0.1091    nan  5.765e-08 2.66e-06        nan
 0.750  2.2487e-02   1.259        () (0, 1, 2, 3, 4) (0, 1, 2, 3, 4)    0.292   yes  2.523e+03   1.073    7  1.796e-04  0.0080   0.1049    nan  5.765e-08 2.56e-06        nan
 0.800  2.3496e-02   1.316        () (0, 1, 2, 3, 4) (0, 1, 2, 3, 4)    0.292   yes  2.522e+03   1.072    7  1.796e-04  0.0076   0.1004    nan  5.765e-08 2.45e-06        nan
 0.850  2.4692e-02   1.383        () (0, 1, 2, 3, 4) (0, 1, 2, 3, 4)    0.292   yes  2.522e+03   1.072    7  1.796e-04  0.0073   0.0956    nan  5.765e-08 2.33e-06        nan
 0.900  2.6111e-02   1.462        () (0, 1, 2, 3, 4) (0, 1, 2, 3, 4)    0.292   yes  2.522e+03   1.072    7  1.796e-04  0.0069   0.0904    nan  5.765e-08 2.21e-06        nan
 0.950  2.7780e-02   1.556        () (0, 1, 2, 3, 4) (0, 1, 2, 3, 4)    0.292   yes  2.522e+03   1.072    7  1.797e-04  0.0065   0.0849    nan  5.765e-08 2.08e-06        nan
 1.000  2.9675e-02   1.662        () (0, 1, 2, 3, 4) (0, 1, 2, 3, 4)    0.292   yes  2.522e+03   1.072    7  1.797e-04  0.0061   0.0795    nan  5.765e-08 1.94e-06        nan

  SUMMARY rho=0.95: min Gap = 1.7968e-02  (4p.Gap in [1.006,1.662])
    max k_lambda = 5, max |m^+| = 5, capped argmin at 20/21 temperatures
    Theorem B, path form  : min 1.7956e-04   B/Gap in [0.0061,0.4503]
    Theorem B, exact kappa: min 2.3597e-03   Bex/Gap in [0.0795,0.4503]
    eq:gapM / th:gapM     : min 5.7648e-08   ratio in [1.943e-06,3.475e-04]
    v2 bound (1+kTheta)^k : min 0.0000e+00
    p^-s* = 1.859e-06 ; 1/(32 p s_0 (2s*+1)) = 3.382e-05
    DEGRADATION: over the 20 temperatures with m^+ non-empty, shape congestion varrho_lambda in [0.856,1.073], 4p kappa^+_lambda in [0.2917,1.0132], max route length 7

[elapsed 115.1s]
