p = 14, n = 100, s_0 = 4, kappa = 2.0, alpha = 1.5, |M(s_0)| = 1471
1/(4p) = 1.7857e-02    1/(2p) = 3.5714e-02

C_atv  : exact single-site tensorisation constant  sup_f Var / sum_j E Var_j
C_blk  : same with S lumped into one block         (claim: <= 4 when p eps_1 <= 1/4)
kappa_S: worst conditional gap on an S-fibre
theta_S: 4 p kappa_S; the whole design dependence sits in this number
cert   : 1 / { C_blk (4p + 1/kappa_S) } with the MEASURED C_blk
cert4  : 1 / { 4   (4p + 1/kappa_S) }, the bound PROVED in NOTES_tensorisation.md

=== equicorr rho=0.0   s* = 3, beta* = [1.2  0.7  0.45]
    nu (level 7) = 0.5945    identity check |delta - (n/2)log(D_i D_j / D D_ij)| = 2.06e-13
    mixed second differences delta_ij(gamma): max =    12.695, min =    -0.241   pair amplification Xi = 1.323  (2/nu = 3.36)
    restricted to i,j in S:              max =    12.695, min =    -0.241   Xi_S = 0.974
   lam     Gap(P)     C_atv  1/(4p C_atv)   C_blk    kappa_S  theta_S       cert      cert4  cert/Gap  p*eps_1  lmaxPsi         b
 0.001  1.795e-02      1.00     1.786e-02   1.000  1.795e-02   1.0051  8.951e-03  2.238e-03  4.99e-01    0.071    0.000  5.06e-03
 0.051  1.800e-02      1.01     1.771e-02   1.001  1.810e-02   1.0136  8.984e-03  2.247e-03  4.99e-01    0.069    0.008  4.15e-03
 0.101  1.897e-02      1.05     1.702e-02   1.002  1.918e-02   1.0743  9.228e-03  2.312e-03  4.86e-01    0.068    0.047  3.41e-03
 0.151  2.118e-02      1.13     1.575e-02   1.005  1.954e-02   1.0943  9.284e-03  2.333e-03  4.38e-01    0.066    0.118  2.80e-03
 0.201  1.824e-02      1.16     1.544e-02   1.006  1.804e-02   1.0100  8.917e-03  2.243e-03  4.89e-01    0.065    0.136  2.30e-03
 0.251  1.808e-02      1.12     1.589e-02   1.007  1.743e-02   0.9762  8.760e-03  2.205e-03  4.84e-01    0.063    0.112  1.89e-03
 0.301  1.842e-02      1.10     1.616e-02   1.009  1.661e-02   0.9301  8.531e-03  2.151e-03  4.63e-01    0.062    0.097  1.55e-03
 0.351  1.857e-02      1.11     1.614e-02   1.010  1.618e-02   0.9059  8.406e-03  2.122e-03  4.53e-01    0.060    0.097  1.10e-03
 0.401  1.866e-02      1.11     1.614e-02   1.010  1.577e-02   0.8832  8.293e-03  2.094e-03  4.44e-01    0.059    0.097  1.31e-04
 0.451  1.847e-02      1.10     1.627e-02   1.010  1.532e-02   0.8581  8.169e-03  2.062e-03  4.42e-01    0.058    0.089  1.37e-05
 0.500  1.837e-02      1.08     1.648e-02   1.010  1.482e-02   0.8298  8.021e-03  2.025e-03  4.37e-01    0.056    0.077  1.33e-06
 0.550  1.836e-02      1.07     1.671e-02   1.011  1.426e-02   0.7985  7.845e-03  1.982e-03  4.27e-01    0.055    0.065  1.23e-07
 0.600  1.840e-02      1.06     1.692e-02   1.012  1.365e-02   0.7642  7.646e-03  1.934e-03  4.16e-01    0.054    0.053  1.11e-08
 0.650  1.849e-02      1.04     1.711e-02   1.013  1.299e-02   0.7276  7.425e-03  1.880e-03  4.02e-01    0.053    0.042  9.82e-10
 0.700  1.861e-02      1.03     1.726e-02   1.014  1.231e-02   0.6893  7.188e-03  1.822e-03  3.86e-01    0.051    0.034  8.63e-11
 0.750  1.877e-02      1.03     1.738e-02   1.014  1.161e-02   0.6501  6.937e-03  1.759e-03  3.70e-01    0.050    0.027  7.54e-12
 0.800  1.896e-02      1.02     1.747e-02   1.014  1.091e-02   0.6109  6.679e-03  1.693e-03  3.52e-01    0.049    0.022  6.61e-13
 0.850  1.919e-02      1.02     1.754e-02   1.013  1.016e-02   0.5689  6.390e-03  1.619e-03  3.33e-01    0.048    0.018  5.85e-14
 0.900  1.886e-02      1.02     1.759e-02   1.012  9.389e-03   0.5258  6.078e-03  1.538e-03  3.22e-01    0.047    0.015  7.55e-15
 0.950  1.856e-02      1.01     1.763e-02   1.011  8.726e-03   0.4886  5.796e-03  1.465e-03  3.12e-01    0.046    0.013  4.11e-15
 1.000  1.835e-02      1.01     1.767e-02   1.010  8.176e-03   0.4578  5.552e-03  1.402e-03  3.03e-01    0.045    0.011  2.11e-15

=== equicorr rho=0.5   s* = 3, beta* = [1.2  0.7  0.45]
    nu (level 7) = 0.3831    identity check |delta - (n/2)log(D_i D_j / D D_ij)| = 1.95e-13
    mixed second differences delta_ij(gamma): max =     1.786, min =   -23.253   pair amplification Xi = 1.323  (2/nu = 5.22)
    restricted to i,j in S:              max =    -2.600, min =   -23.253   Xi_S = 0.788
   lam     Gap(P)     C_atv  1/(4p C_atv)   C_blk    kappa_S  theta_S       cert      cert4  cert/Gap  p*eps_1  lmaxPsi         b
 0.001  1.795e-02      1.00     1.785e-02   1.000  1.796e-02   1.0055  8.953e-03  2.238e-03  4.99e-01    0.071    0.000  5.06e-03
 0.051  1.910e-02      1.03     1.731e-02   1.001  1.962e-02   1.0989  9.337e-03  2.337e-03  4.89e-01    0.069    0.030  4.15e-03
 0.101  2.812e-02      1.31     1.365e-02   1.004  2.436e-02   1.3641  1.026e-02  2.576e-03  3.65e-01    0.068    0.230  3.41e-03
 0.151  2.248e-02      2.00     8.920e-03   1.004  1.120e-02   0.6271  6.852e-03  1.721e-03  3.05e-01    0.066    0.477  2.80e-03
 0.201  2.137e-02      1.89     9.473e-03   1.005  7.340e-03   0.4110  5.174e-03  1.300e-03  2.42e-01    0.065    0.395  2.30e-03
 0.251  2.397e-02      1.41     1.267e-02   1.008  6.484e-03   0.3631  4.720e-03  1.189e-03  1.97e-01    0.063    0.236  1.89e-03
 0.301  2.494e-02      1.27     1.404e-02   1.010  6.305e-03   0.3531  4.615e-03  1.165e-03  1.85e-01    0.062    0.208  1.55e-03
 0.351  2.337e-02      1.36     1.313e-02   1.010  6.264e-03   0.3508  4.593e-03  1.159e-03  1.97e-01    0.060    0.268  7.85e-04
 0.401  2.016e-02      1.52     1.177e-02   1.008  6.254e-03   0.3502  4.594e-03  1.158e-03  2.28e-01    0.059    0.342  1.86e-04
 0.451  1.790e-02      1.67     1.068e-02   1.007  6.251e-03   0.3501  4.600e-03  1.158e-03  2.57e-01    0.058    0.402  4.43e-05
 0.500  1.692e-02      1.76     1.012e-02   1.005  6.250e-03   0.3500  4.606e-03  1.157e-03  2.72e-01    0.056    0.433  1.12e-05
 0.550  1.662e-02      1.76     1.016e-02   1.004  6.250e-03   0.3500  4.610e-03  1.157e-03  2.77e-01    0.055    0.431  3.04e-06
 0.600  1.678e-02      1.66     1.073e-02   1.004  6.250e-03   0.3500  4.611e-03  1.157e-03  2.75e-01    0.054    0.399  8.70e-07
 0.650  1.719e-02      1.54     1.163e-02   1.004  6.250e-03   0.3500  4.611e-03  1.157e-03  2.68e-01    0.053    0.349  2.58e-07
 0.700  1.765e-02      1.41     1.266e-02   1.004  6.250e-03   0.3500  4.609e-03  1.157e-03  2.61e-01    0.051    0.291  7.81e-08
 0.750  1.809e-02      1.31     1.365e-02   1.005  6.250e-03   0.3500  4.607e-03  1.157e-03  2.55e-01    0.050    0.236  2.39e-08
 0.800  1.848e-02      1.23     1.452e-02   1.006  6.250e-03   0.3500  4.604e-03  1.157e-03  2.49e-01    0.049    0.187  7.34e-09
 0.850  1.884e-02      1.17     1.525e-02   1.006  6.250e-03   0.3500  4.601e-03  1.157e-03  2.44e-01    0.048    0.146  2.26e-09
 0.900  1.918e-02      1.13     1.584e-02   1.007  6.250e-03   0.3500  4.598e-03  1.157e-03  2.40e-01    0.047    0.113  6.94e-10
 0.950  1.952e-02      1.10     1.630e-02   1.008  6.250e-03   0.3500  4.594e-03  1.157e-03  2.35e-01    0.046    0.087  2.13e-10
 1.000  1.988e-02      1.07     1.666e-02   1.008  6.250e-03   0.3500  4.591e-03  1.157e-03  2.31e-01    0.045    0.067  6.54e-11

=== equicorr rho=0.85   s* = 3, beta* = [1.2  0.7  0.45]
    nu (level 7) = 0.1204    identity check |delta - (n/2)log(D_i D_j / D D_ij)| = 1.89e-13
    mixed second differences delta_ij(gamma): max =     2.244, min =   -62.997   pair amplification Xi = 1.323  (2/nu = 16.61)
    restricted to i,j in S:              max =    -6.319, min =   -62.997   Xi_S = 0.715
   lam     Gap(P)     C_atv  1/(4p C_atv)   C_blk    kappa_S  theta_S       cert      cert4  cert/Gap  p*eps_1  lmaxPsi         b
 0.001  1.795e-02      1.00     1.785e-02   1.000  1.797e-02   1.0061  8.956e-03  2.239e-03  4.99e-01    0.071    0.000  5.06e-03
 0.051  2.490e-02      1.19     1.504e-02   1.003  2.700e-02   1.5118  1.071e-02  2.687e-03  4.30e-01    0.069    0.142  4.15e-03
 0.101  2.274e-02      6.96     2.565e-03   1.003  1.361e-02   0.7622  7.700e-03  1.931e-03  3.39e-01    0.068    0.606  3.41e-03
 0.151  2.333e-02     26.99     6.617e-04   1.002  1.005e-02   0.5629  6.417e-03  1.608e-03  2.75e-01    0.066    0.725  2.80e-03
 0.201  2.454e-02     18.57     9.618e-04   1.003  8.777e-03   0.4915  5.868e-03  1.471e-03  2.39e-01    0.065    0.766  2.30e-03
 0.251  2.414e-02     11.12     1.606e-03   1.003  7.948e-03   0.4451  5.481e-03  1.375e-03  2.27e-01    0.063    0.776  1.89e-03
 0.301  2.304e-02      6.75     2.645e-03   1.004  7.391e-03   0.4139  5.206e-03  1.307e-03  2.26e-01    0.062    0.748  1.55e-03
 0.351  2.226e-02      4.27     4.182e-03   1.005  7.018e-03   0.3930  5.013e-03  1.259e-03  2.25e-01    0.060    0.679  1.27e-03
 0.401  2.202e-02      2.89     6.180e-03   1.006  6.766e-03   0.3789  4.877e-03  1.227e-03  2.22e-01    0.059    0.577  1.04e-03
 0.451  2.240e-02      2.14     8.356e-03   1.007  6.598e-03   0.3695  4.782e-03  1.204e-03  2.13e-01    0.058    0.459  8.57e-04
 0.500  2.348e-02      1.75     1.023e-02   1.009  6.484e-03   0.3631  4.716e-03  1.189e-03  2.01e-01    0.056    0.346  7.03e-04
 0.550  2.521e-02      1.58     1.131e-02   1.010  6.407e-03   0.3588  4.669e-03  1.179e-03  1.85e-01    0.055    0.259  5.77e-04
 0.600  2.682e-02      1.56     1.143e-02   1.011  6.356e-03   0.3559  4.637e-03  1.172e-03  1.73e-01    0.054    0.230  4.73e-04
 0.650  2.672e-02      1.64     1.090e-02   1.012  6.321e-03   0.3540  4.615e-03  1.167e-03  1.73e-01    0.052    0.263  3.89e-04
 0.700  2.569e-02      1.75     1.019e-02   1.012  6.298e-03   0.3527  4.601e-03  1.164e-03  1.79e-01    0.051    0.318  3.19e-04
 0.750  2.449e-02      1.86     9.617e-03   1.012  6.282e-03   0.3518  4.594e-03  1.162e-03  1.88e-01    0.050    0.382  2.62e-04
 0.800  2.340e-02      1.93     9.241e-03   1.011  6.272e-03   0.3512  4.591e-03  1.160e-03  1.96e-01    0.049    0.450  2.15e-04
 0.850  2.129e-02      2.10     8.489e-03   1.010  6.265e-03   0.3508  4.591e-03  1.159e-03  2.16e-01    0.048    0.519  1.76e-04
 0.900  1.922e-02      2.42     7.370e-03   1.009  6.260e-03   0.3506  4.593e-03  1.159e-03  2.39e-01    0.047    0.586  1.45e-04
 0.950  1.759e-02      2.85     6.264e-03   1.008  6.257e-03   0.3504  4.596e-03  1.158e-03  2.61e-01    0.046    0.648  1.19e-04
 1.000  1.619e-02      3.40     5.246e-03   1.007  6.255e-03   0.3503  4.599e-03  1.158e-03  2.84e-01    0.045    0.706  9.74e-05

=== equicorr rho=0.95   s* = 3, beta* = [1.2  0.7  0.45]
    nu (level 7) = 0.0423    identity check |delta - (n/2)log(D_i D_j / D D_ij)| = 2.15e-13
    mixed second differences delta_ij(gamma): max =     2.745, min =   -84.697   pair amplification Xi = 1.323  (2/nu = 47.34)
    restricted to i,j in S:              max =    -3.500, min =   -84.697   Xi_S = 0.688
   lam     Gap(P)     C_atv  1/(4p C_atv)   C_blk    kappa_S  theta_S       cert      cert4  cert/Gap  p*eps_1  lmaxPsi         b
 0.001  1.795e-02      1.00     1.785e-02   1.000  1.797e-02   1.0064  8.957e-03  2.239e-03  4.99e-01    0.071    0.000  5.06e-03
 0.051  2.836e-02      1.36     1.318e-02   1.005  3.446e-02   1.9296  1.171e-02  2.940e-03  4.13e-01    0.070    0.209  4.15e-03
 0.101  2.039e-02     20.61     8.664e-04   1.002  1.791e-02   1.0029  8.924e-03  2.235e-03  4.38e-01    0.068    0.510  3.41e-03
 0.151  2.054e-02     95.21     1.876e-04   1.001  1.683e-02   0.9423  8.658e-03  2.166e-03  4.22e-01    0.067    0.533  2.80e-03
 0.201  2.106e-02     92.93     1.922e-04   1.001  1.625e-02   0.9101  8.503e-03  2.127e-03  4.04e-01    0.065    0.546  2.30e-03
 0.251  2.165e-02     85.26     2.095e-04   1.001  1.571e-02   0.8799  8.351e-03  2.090e-03  3.86e-01    0.064    0.558  1.89e-03
 0.301  2.230e-02     78.11     2.286e-04   1.001  1.520e-02   0.8514  8.204e-03  2.053e-03  3.68e-01    0.062    0.570  1.55e-03
 0.351  2.299e-02     71.53     2.496e-04   1.001  1.472e-02   0.8245  8.061e-03  2.017e-03  3.51e-01    0.061    0.581  1.27e-03
 0.401  2.372e-02     65.48     2.727e-04   1.001  1.427e-02   0.7990  7.921e-03  1.983e-03  3.34e-01    0.060    0.593  1.04e-03
 0.451  2.447e-02     59.91     2.981e-04   1.001  1.384e-02   0.7750  7.786e-03  1.949e-03  3.18e-01    0.058    0.604  8.57e-04
 0.500  2.522e-02     54.79     3.259e-04   1.002  1.343e-02   0.7522  7.654e-03  1.917e-03  3.03e-01    0.057    0.615  7.03e-04
 0.550  2.597e-02     50.09     3.565e-04   1.002  1.305e-02   0.7307  7.526e-03  1.885e-03  2.90e-01    0.056    0.625  5.77e-04
 0.600  2.670e-02     45.77     3.901e-04   1.002  1.269e-02   0.7104  7.402e-03  1.854e-03  2.77e-01    0.055    0.635  4.73e-04
 0.650  2.741e-02     41.82     4.270e-04   1.002  1.234e-02   0.6911  7.283e-03  1.824e-03  2.66e-01    0.054    0.645  3.89e-04
 0.700  2.807e-02     38.19     4.676e-04   1.002  1.202e-02   0.6730  7.167e-03  1.796e-03  2.55e-01    0.052    0.655  3.19e-04
 0.750  2.870e-02     34.86     5.122e-04   1.002  1.171e-02   0.6558  7.055e-03  1.768e-03  2.46e-01    0.051    0.664  2.62e-04
 0.800  2.927e-02     31.82     5.612e-04   1.003  1.142e-02   0.6395  6.947e-03  1.741e-03  2.37e-01    0.050    0.672  2.15e-04
 0.850  2.979e-02     29.04     6.150e-04   1.003  1.114e-02   0.6241  6.842e-03  1.716e-03  2.30e-01    0.049    0.680  1.76e-04
 0.900  3.024e-02     26.49     6.741e-04   1.003  1.088e-02   0.6096  6.742e-03  1.691e-03  2.23e-01    0.048    0.687  1.45e-04
 0.950  3.060e-02     24.16     7.391e-04   1.003  1.064e-02   0.5958  6.645e-03  1.667e-03  2.17e-01    0.047    0.694  1.19e-04
 1.000  3.085e-02     22.04     8.103e-04   1.004  1.041e-02   0.5828  6.552e-03  1.644e-03  2.12e-01    0.046    0.700  9.74e-05

=== CANCELLING r=0.9   s* = 2, beta* = [ 3. -3.]
    nu (level 6) = 0.0923    identity check |delta - (n/2)log(D_i D_j / D D_ij)| = 1.63e-13
    mixed second differences delta_ij(gamma): max =    44.236, min =    -0.147   pair amplification Xi = 8.481  (2/nu = 21.68)
    restricted to i,j in S:              max =    44.236, min =    41.507   Xi_S = 8.481
   lam     Gap(P)     C_atv  1/(4p C_atv)   C_blk    kappa_S  theta_S       cert      cert4  cert/Gap  p*eps_1  lmaxPsi         b
 0.001  1.795e-02      1.00     1.785e-02   1.000  1.794e-02   1.0049  8.950e-03  2.238e-03  4.99e-01    0.071    0.000  5.06e-03
 0.051  1.784e-02      1.03     1.729e-02   1.000  1.730e-02   0.9687  8.785e-03  2.197e-03  4.92e-01    0.070    0.032  4.15e-03
 0.101  1.720e-02      1.26     1.413e-02   1.001  1.397e-02   0.7822  7.833e-03  1.959e-03  4.55e-01    0.069    0.209  3.41e-03
 0.151  1.198e-02      2.87     6.217e-03   1.002  5.267e-03   0.2950  4.059e-03  1.017e-03  3.39e-01    0.068    0.652  2.80e-03
 0.201  2.214e-03     13.59     1.314e-03   1.006  8.243e-04   0.0462  7.829e-04  1.970e-04  3.54e-01    0.067    0.926  2.30e-03
 0.251  3.927e-04     71.81     2.487e-04   1.015  1.554e-04   0.0087  1.517e-04  3.851e-05  3.86e-01    0.067    0.987  1.89e-03
 0.301  1.239e-04    221.58     8.059e-05   1.018  6.653e-05   0.0037  6.512e-05  1.657e-05  5.26e-01    0.066    0.996  1.55e-03
 0.351  7.971e-05    336.77     5.302e-05   1.010  5.234e-05   0.0029  5.166e-05  1.305e-05  6.48e-01    0.065    0.997  1.27e-03
 0.401  6.814e-05    385.34     4.634e-05   1.005  4.642e-05   0.0026  4.609e-05  1.157e-05  6.76e-01    0.064    0.997  1.04e-03
 0.451  6.182e-05    415.24     4.300e-05   1.002  4.307e-05   0.0024  4.288e-05  1.074e-05  6.94e-01    0.063    0.998  8.57e-04
 0.500  5.678e-05    441.74     4.042e-05   1.001  4.049e-05   0.0023  4.036e-05  1.010e-05  7.11e-01    0.062    0.998  3.14e-04
 0.550  5.239e-05    467.67     3.818e-05   1.000  3.824e-05   0.0021  3.814e-05  9.540e-06  7.28e-01    0.062    0.998  4.89e-05
 0.600  4.850e-05    493.49     3.619e-05   1.000  3.624e-05   0.0020  3.615e-05  9.041e-06  7.45e-01    0.061    0.998  7.63e-06
 0.650  4.504e-05    519.28     3.439e-05   1.000  3.444e-05   0.0019  3.436e-05  8.593e-06  7.63e-01    0.060    0.998  1.19e-06
 0.700  4.196e-05    545.08     3.276e-05   1.000  3.281e-05   0.0018  3.274e-05  8.187e-06  7.80e-01    0.059    0.998  1.85e-07
 0.750  3.920e-05    570.90     3.128e-05   1.000  3.132e-05   0.0018  3.126e-05  7.817e-06  7.97e-01    0.059    0.998  2.89e-08
 0.800  3.673e-05    596.78     2.992e-05   1.000  2.996e-05   0.0017  2.990e-05  7.478e-06  8.14e-01    0.058    0.998  4.51e-09
 0.850  3.451e-05    622.78     2.867e-05   1.000  2.871e-05   0.0016  2.866e-05  7.166e-06  8.30e-01    0.057    0.998  7.03e-10
 0.900  3.252e-05    648.93     2.752e-05   1.000  2.755e-05   0.0015  2.750e-05  6.878e-06  8.46e-01    0.056    0.998  1.10e-10
 0.950  3.072e-05    675.29     2.644e-05   1.000  2.648e-05   0.0015  2.643e-05  6.610e-06  8.61e-01    0.056    0.999  1.71e-11
 1.000  2.909e-05    701.91     2.544e-05   1.000  2.547e-05   0.0014  2.543e-05  6.359e-06  8.74e-01    0.055    0.999  2.67e-12

=== CANCELLING r=0.95   s* = 2, beta* = [ 3. -3.]
    nu (level 6) = 0.0463    identity check |delta - (n/2)log(D_i D_j / D D_ij)| = 1.57e-13
    mixed second differences delta_ij(gamma): max =    26.515, min =    -0.147   pair amplification Xi = 10.038  (2/nu = 43.16)
    restricted to i,j in S:              max =    26.515, min =    24.618   Xi_S = 10.038
   lam     Gap(P)     C_atv  1/(4p C_atv)   C_blk    kappa_S  theta_S       cert      cert4  cert/Gap  p*eps_1  lmaxPsi         b
 0.001  1.795e-02      1.00     1.785e-02   1.000  1.795e-02   1.0050  8.951e-03  2.238e-03  4.99e-01    0.071    0.000  5.06e-03
 0.051  1.790e-02      1.01     1.766e-02   1.000  1.772e-02   0.9922  8.893e-03  2.223e-03  4.97e-01    0.070    0.011  4.15e-03
 0.101  1.781e-02      1.04     1.715e-02   1.000  1.710e-02   0.9574  8.732e-03  2.184e-03  4.90e-01    0.069    0.040  3.41e-03
 0.151  1.756e-02      1.13     1.579e-02   1.000  1.553e-02   0.8697  8.303e-03  2.077e-03  4.73e-01    0.068    0.116  2.80e-03
 0.201  1.688e-02      1.39     1.283e-02   1.001  1.245e-02   0.6969  7.328e-03  1.833e-03  4.34e-01    0.067    0.282  2.30e-03
 0.251  1.485e-02      2.15     8.305e-03   1.001  7.261e-03   0.4066  5.154e-03  1.290e-03  3.47e-01    0.067    0.535  1.89e-03
 0.301  7.850e-03      4.33     4.125e-03   1.003  2.795e-03   0.1565  2.410e-03  6.042e-04  3.07e-01    0.066    0.769  1.55e-03
 0.351  2.928e-03     10.53     1.695e-03   1.005  9.502e-04   0.0532  8.977e-04  2.255e-04  3.07e-01    0.065    0.905  1.27e-03
 0.401  1.049e-03     27.80     6.423e-04   1.009  3.236e-04   0.0181  3.152e-04  7.947e-05  3.00e-01    0.064    0.964  1.04e-03
 0.451  3.873e-04     73.25     2.438e-04   1.014  1.206e-04   0.0068  1.181e-04  2.994e-05  3.05e-01    0.063    0.987  8.57e-04
 0.500  1.560e-04    178.87     9.984e-05   1.020  5.442e-05   0.0030  5.321e-05  1.356e-05  3.41e-01    0.062    0.995  7.03e-04
 0.550  7.386e-05    373.27     4.784e-05   1.023  3.183e-05   0.0018  3.107e-05  7.944e-06  4.21e-01    0.062    0.998  5.77e-04
 0.600  4.323e-05    630.72     2.831e-05   1.020  2.318e-05   0.0013  2.269e-05  5.788e-06  5.25e-01    0.061    0.999  4.73e-04
 0.650  3.062e-05    881.16     2.027e-05   1.016  1.911e-05   0.0011  1.879e-05  4.772e-06  6.14e-01    0.060    0.999  3.89e-04
 0.700  2.446e-05   1091.47     1.636e-05   1.011  1.632e-05   0.0009  1.613e-05  4.077e-06  6.60e-01    0.059    0.999  3.19e-04
 0.750  2.075e-05   1273.03     1.403e-05   1.007  1.404e-05   0.0008  1.393e-05  3.506e-06  6.71e-01    0.059    0.999  2.62e-04
 0.800  1.809e-05   1445.43     1.235e-05   1.005  1.236e-05   0.0007  1.229e-05  3.088e-06  6.80e-01    0.058    0.999  2.15e-04
 0.850  1.595e-05   1621.99     1.101e-05   1.003  1.101e-05   0.0006  1.097e-05  2.752e-06  6.88e-01    0.057    0.999  1.76e-04
 0.900  1.415e-05   1810.23     9.865e-06   1.002  9.868e-06   0.0006  9.844e-06  2.466e-06  6.96e-01    0.056    0.999  1.45e-04
 0.950  1.259e-05   2014.55     8.864e-06   1.001  8.867e-06   0.0005  8.852e-06  2.216e-06  7.03e-01    0.056    1.000  1.19e-04
 1.000  1.122e-05   2237.94     7.979e-06   1.001  7.982e-06   0.0004  7.972e-06  1.994e-06  7.11e-01    0.055    1.000  9.74e-05

--- weighted Dobrushin for the block partition {S} u {{j}: j in S^c} ---
    weights c_S = 1/2, c_j = 1;  need  col_S = sum_j c_j R_{j,S} < c_S
    and  col_j = c_S R_{S,j} + sum_{i in S^c} R_{j,i} < 1, using R_{S,j} <= 1.
            design    lam  max_j R_{j,S}    col_S  max_j col_j   alpha
  equicorr rho=0.0  0.170      4.235e-03   0.0466       0.5469  0.5469
  equicorr rho=0.0  1.000      2.960e-03   0.0326       0.5320  0.5320
  equicorr rho=0.5  0.170      4.417e-03   0.0486       0.5469  0.5469
  equicorr rho=0.5  1.000      3.009e-03   0.0331       0.5319  0.5319
 equicorr rho=0.85  0.170      4.626e-03   0.0509       0.5469  0.5469
 equicorr rho=0.85  1.000      3.022e-03   0.0332       0.5319  0.5319
 equicorr rho=0.95  0.170      4.714e-03   0.0519       0.5471  0.5471
 equicorr rho=0.95  1.000      3.282e-03   0.0361       0.5328  0.5328
  CANCELLING r=0.9  0.170      3.426e-03   0.0411       0.5534  0.5534
  CANCELLING r=0.9  1.000      3.498e-03   0.0420       0.5431  0.5431
 CANCELLING r=0.95  0.170      3.852e-03   0.0462       0.5534  0.5534
 CANCELLING r=0.95  1.000      3.103e-03   0.0372       0.5431  0.5431

